# GIMP colorrc
# 
# This file holds a list of recently used colors.

(color-history
    (color-rgba 0 0 0 1)
    (color-rgba 1 1 1 1)
    (color-rgba 0 0.74901960784313726 0.51372549019607838 1)
    (color-rgba 1 0.56470588235294117 0 1)
    (color-rgba 0 0.80000000000000004 1 1)
    (color-rgba 1 1 1 6.9526066530930866e-310)
    (color-rgba 0.011764705882352941 0.60784313725490191 0.89803921568627454 1)
    (color-rgba 1 0.35686274509803922 0.72941176470588232 1)
    (color-rgba 0.6174496644295302 1 0.87982711971608274 1)
    (color-rgba 0.38730842432134621 0.77985074626865669 0.65653902209672665 1)
    (color-rgba 0.74901960784313726 0 0.36892010535557496 1)
    (color-rgba 1 0.45882352941176469 0.50588235294117645 1)
    (color-rgba 0.54117647058823526 0.80784313725490198 0.90588235294117647 1)
    (color-rgba 0.83529411764705885 0.83529411764705885 0.83529411764705885 1)
    (color-rgba 0.55686274509803924 0.55686274509803924 0.55686274509803924 1)
    (color-rgba 0.27843137254901962 0.27843137254901962 0.27843137254901962 1)
    (color-rgba 0 0 0 4.658602815014524e-310)
    (color-rgba 0.74901960784313726 0.74901960784313726 0.74901960784313726 1)
    (color-rgba 0.49803921568627452 0.49803921568627452 0.49803921568627452 1)
    (color-rgba 0.24705882352941178 0.24705882352941178 0.24705882352941178 1)
    (color-rgba 0.80000000000000004 0.80000000000000004 0.80000000000000004 1)
    (color-rgba 0.59999999999999998 0.59999999999999998 0.59999999999999998 1)
    (color-rgba 0.40000000000000002 0.40000000000000002 0.40000000000000002 1)
    (color-rgba 0.20000000000000001 0.20000000000000001 0.20000000000000001 1)
    (color-rgba 0.65098039215686276 0.29803921568627451 0.25490196078431371 1)
    (color-rgba 1 0.70449764599819686 0.20805369127516782 1)
    (color-rgba 0.92549019607843142 0.93725490196078431 0.95686274509803926 1)
    (color-rgba 0.92156862745098034 0.79607843137254897 0.54509803921568623 1)
    (color-rgba 0.74901960784313726 0.38039215686274508 0.41568627450980394 1)
    (color-rgba 0.95895522388059706 0 0 1)
    (color-rgba 1 0.83773584905660359 0 1)
    (color-rgba 0.95149253731343286 0 0 1)
    (color-rgba 0.97388059701492535 0.8067219870795278 0 1)
    (color-rgba 0.92164179104477606 0 0 1)
    (color-rgba 0 0.7574626865671642 0.0113054132323456 1)
    (color-rgba 0.3411764705882353 0.30980392156862746 0.29019607843137257 0)
    (color-rgba 0.93333333333333335 0.78823529411764703 0.35294117647058826 1)
    (color-rgba 0.96470588235294119 0.96470588235294119 0.96470588235294119 1)
    (color-rgba 0.22388059701492535 0.20076437636289382 0.18631673845537414 1)
    (color-rgba 0.22352941176470589 0.20000000000000001 0.18823529411764706 4.6762983463218854e-310)
    (color-rgba 1 0.76078431372549016 0.16470588235294117 1)
    (color-rgba 1 0 0.16470588235294117 1)
    (color-rgba 0.68301886792452837 0.6419709135978271 0.43004891684136975 1)
    (color-rgba 0.43004891684136975 0.68301886792452837 0.45148704828909503 1)
    (color-rgba 0.34509803921568627 0.57647058823529407 0.36470588235294116 1)
    (color-rgba 0.82745099067687988 0.60000002384185791 0.44313725829124451 1)
    (color-rgba 0.68627452850341797 0.66274511814117432 0.70196080207824707 1)
    (color-rgba 0.9247787610619469 0.9247787610619469 0.9247787610619469 1)
    (color-rgba 0.5752212389380531 0 0 1)
    (color-rgba 0.92920353982300885 0.92920353982300885 0.92920353982300885 1)
    (color-rgba 0.80530973451327437 0 0 1)
    (color-rgba 0.0078431377187371254 0.60000002384185791 1 1)
    (color-rgba 1 0.86666667461395264 0.86666667461395264 1)
    (color-rgba 0.3333333432674408 0.3333333432674408 0.3333333432674408 1)
    (color-rgba 0.33185840707964598 0.33185840707964598 0.33185840707964598 1)
    (color-rgba 1 0 0 1)
    (color-rgba 0.90265486725663713 0.56061225989047558 0.22652456328435389 1))

# end of colorrc
